15
49 NO
23 38 48 17 40 30 28 3
NOT FOUND
114 NO
49 81 34 84 49 44 90 92
NOT FOUND
132 NO
6 26 109 98 85 117 51 58
NOT FOUND
28 YES
27 22 19 28 4 4 1 12
28
148 NO
136 71 18 78 75 62 18 19
NOT FOUND
69 YES
43 63 68 57 33 28 12 12
12 57
135 NO
27 128 124 18 16 87 111 10
NOT FOUND
75 YES
75 74 48 73 40 11 43 12
75
48 NO
47 45 46 4 5 40 32 38
NOT FOUND
125 YES
109 18 88 22 97 83 18 107
107 18
109 NO
38 75 66 57 30 89 99 70
NOT FOUND
89 YES
20 55 40 58 26 34 10 19
34 55
82 NO
63 39 51 40 24 39 41 21
NOT FOUND
30 YES
22 13 27 11 19 6 6 28
19 11
33 NO
15 31 23 25 1 27 14 20
NOT FOUND
